0.0 0.0 632.1911456 1
52.03280151 0.0 630.0462143 2
-26.01640076 45.06172794 630.0462143 3
-26.01640076 -45.06172794 630.0462143 4
77.7843928328 -45.0617279371 625.767267826 5
77.7843928328 45.0617279371 625.767267826 6
0.132404710047 89.8941241873 625.767267825 7
-77.9167975577 44.8323962416 625.767267825 8
-77.9167975577 -44.8323962416 625.767267825 9
0.132404710047 -89.8941241873 625.767267825 10
129.156518455 -44.8323962433 617.231151656 12
129.156518455 44.8323962433 617.231151656 13
-25.7522651788 134.269024178 617.231151654 16
-103.404253301 89.4366279262 617.231151654 17
-103.404253301 -89.4366279262 617.231151654 20
-25.7522651788 -134.269024178 617.231151654 21
153.854929794 -89.4366279237 606.626239738 25
153.854929794 89.4366279237 606.626239738 28
0.526926902708 177.960591676 606.626239734 33
-154.381856726 88.5239637354 606.626239734 36
-154.381856726 -88.5239637354 606.626239734 41
0.526926902708 -177.960591676 606.626239734 44
127.055518417 -134.043187933 604.61141537 51
203.786731268 -88.5239637389 591.861572152 52
203.786731268 88.5239637389 591.861572152 57
127.055518417 134.043187933 604.61141537 58
52.5570467393 177.054900624 604.611415365 67
-25.2293642081 220.746468118 591.861572145 68
-178.557367098 132.222504363 591.861572145 73
-179.61256518 43.0117126658 604.611415365 74
-179.61256518 -43.0117126658 604.611415365 83
-178.557367098 -132.222504363 591.861572145 84
-25.2293642081 -220.746468118 591.861572145 89
52.5570467393 -177.054900624 604.611415365 90
150.324298181 -177.510068534 587.842177392 104
226.6650045 -132.222504361 575.15722168 105
228.766004539 -43.0117126729 587.776957966 106
228.766004539 43.0117126729 587.776957966 115
226.6650045 132.222504361 575.15722168 116
150.324298181 177.510068534 587.842177392 117
78.5660796805 218.93969532 587.842177384 136
1.17554546276 262.408904248 575.15722167 137
-77.1337664542 219.623027802 587.776957958 138
-151.632238127 176.611315121 587.776957958 147
-227.840550005 130.186399862 575.15722167 148
-228.890377889 41.4296267528 587.842177384 149
-228.890377889 -41.4296267528 587.842177384 168
-227.840550005 -130.186399862 575.15722167 169
-151.632238127 -176.611315121 587.776957958 170
-77.1337664542 -219.623027802 587.776957958 179
1.17554546276 -262.408904248 575.15722167 180
78.5660796805 -218.93969532 587.842177384 181
274.406117103 -130.186399867 554.453270144 212
276.496424566 -41.4296267645 567.008781074 213
276.496424566 41.4296267645 567.008781074 232
274.406117103 130.186399867 554.453270144 233
-24.4583290594 302.735868321 554.453270131 276
-102.36910306 260.167741127 567.008781063 277
-174.127321558 218.738114355 567.008781063 296
-249.947788094 172.549468429 554.453270131 297
-249.947788094 -172.549468429 554.453270131 340
-174.127321558 -218.738114355 567.008781063 341
-102.36910306 -260.167741127 567.008781063 360
-24.4583290594 -302.735868321 554.453270131 361
294.734299722 -172.549468429 532.000017 425
294.734299722 172.549468429 532.000017 468
2.06507318728 341.522125166 532.000016983 553
-296.799372963 168.972656706 532.000016983 596
-296.799372963 -168.972656706 532.000016983 681
2.06507318728 -341.522125166 532.000016983 724
267.217913962 -216.733044026 530.36498628 851
339.578898096 -168.972656714 505.766801835 852
339.578898096 168.972656714 505.766801835 937
267.217913962 216.733044026 530.36498628 938
54.0873649687 339.784023879 530.364986263 1107
-23.4548358135 378.570280723 505.766801814 1108
-316.124062343 209.597623979 505.766801814 1193
-321.305278979 123.050979814 530.364986263 1194
-321.305278979 -123.050979814 530.364986263 1363
-316.124062343 -209.597623979 505.766801814 1364
-23.4548358135 -378.570280723 505.766801814 1449
54.0873649687 -339.784023879 530.364986263 1450
219.513384129 -218.328688521 551.191529808 1703
284.686165121 -257.114945367 502.505061499 1704
356.678884035 -209.59762398 478.032064072 1705
363.867087175 -123.050979823 502.120347935 1706
363.867087175 123.050979823 502.120347935 1875
356.678884035 209.59762398 478.032064072 1876
284.686165121 257.114945367 502.505061499 1877
219.513384129 218.328688521 551.191529808 1878
79.321498558 299.268511415 551.191529794 2215
80.3249918038 375.102923816 502.505061478 2216
3.17742489754 413.691786587 478.032064047 2217
-75.3682691293 376.643631029 502.120347914 2218
-288.498818111 253.592651184 502.120347914 2387
-359.856308995 204.094162569 478.032064047 2388
-365.011156975 117.987978402 502.505061478 2389
-298.834882727 80.9398228532 551.191529794 2390
-298.834882727 -80.9398228532 551.191529794 2727
-365.011156975 -117.987978402 502.505061478 2728
-359.856308995 -204.094162569 478.032064047 2729
-288.498818111 -253.592651184 502.120347914 2730
-75.3682691293 -376.643631029 502.120347914 2899
3.17742489754 -413.691786587 478.032064047 2900
80.3249918038 -375.102923816 502.505061478 2901
79.321498558 -299.268511415 551.191529794 2902
189.519887116 -260.298113688 544.052156493 3408
254.36098566 -298.886976462 495.613467193 3409
397.980032474 -204.094162581 446.792022242 3412
405.131652845 -117.987978419 470.757714115 3413
343.187068531 -80.9398228674 524.725667043 3414
343.187068531 80.9398228674 524.725667043 3751
405.131652845 117.987978419 470.757714115 3752
397.980032474 204.094162581 446.792022242 3753
254.36098566 298.886976462 495.613467193 3756
189.519887116 260.298113688 544.052156493 3757
130.664835446 294.278093638 544.052156479 4432
131.663221635 369.726563577 495.613467171 4433
-22.2392867068 446.70789964 446.792022213 4436
-100.385239803 409.848292473 470.757714089 4437
-101.497591513 337.678631051 524.725667026 4438
-241.68947708 256.738808169 524.725667026 4775
-304.746413113 291.860314033 470.757714089 4776
-375.740745836 242.613737024 446.792022213 4777
-386.024207338 70.8395870612 495.613467171 4780
-320.184722595 33.9799799023 544.052156479 4781
-320.184722595 -33.9799799023 544.052156479 5456
-386.024207338 -70.8395870612 495.613467171 5457
-375.740745836 -242.613737024 446.792022213 5460
-304.746413113 -291.860314033 470.757714089 5461
-241.68947708 -256.738808169 524.725667026 5462
-101.497591513 -337.678631051 524.725667026 5799
-100.385239803 -409.848292473 470.757714089 5800
-22.2392867068 -446.70789964 446.792022213 5801
131.663221635 -369.726563577 495.613467171 5804
130.664835446 -294.278093638 544.052156479 5805
269.085875609 -336.439229035 462.673838994 6820
411.239348824 -242.613737027 414.35059691 6825
425.506192976 -70.839587081 462.160012567 6828
363.87686192 -33.9799799203 515.853307539 6829
363.87686192 33.9799799203 515.853307539 7504
425.506192976 70.839587081 462.160012567 7505
411.239348824 242.613737027 414.35059691 7508
269.085875609 336.439229035 462.673838994 7513
156.821981359 401.25481863 462.673838967 8868
4.48998513258 477.450591662 414.350596875 8873
-151.404214519 403.918966143 462.16001254 8876
-152.510905162 332.116596246 515.85330752 8877
-211.365956824 298.136616321 515.85330752 9552
-274.101978531 333.079379051 462.16001254 9553
-415.729334026 234.836854592 414.350596875 9556
-425.907857012 64.8155895342 462.673838967 9561
-425.907857012 -64.8155895342 462.673838967 10916
-415.729334026 -234.836854592 414.350596875 10921
-274.101978531 -333.079379051 462.16001254 10924
-211.365956824 -298.136616321 515.85330752 10925
-152.510905162 -332.116596246 515.85330752 11600
-151.404214519 -403.918966143 462.16001254 11601
4.48998513258 -477.450591662 414.350596875 11604
156.821981359 -401.25481863 462.673838967 11609
236.096729158 -374.977907974 450.905253462 13641
314.061005962 -332.028336647 436.793444072 13642
383.130036396 -286.440736032 413.314316882 13651
448.422154262 -234.836854607 378.727960246 13652
462.543411108 -64.8155895599 426.049500384 13657
462.543411108 64.8155895599 426.049500384 15012
448.422154262 234.836854607 378.727960246 15017
383.130036396 286.440736032 413.314316882 15018
314.061005962 332.028336647 436.793444072 15027
236.096729158 374.977907974 450.905253462 15028
130.514471316 437.998977861 436.793444041 17738
56.4999358612 475.020712521 413.314316847 17747
-20.8363953283 505.763404543 378.727960206 17748
-175.139758474 432.982139169 426.049500351 17753
-287.403652713 368.166549601 426.049500351 19108
-427.585759008 270.926549897 378.727960206 19113
-439.629972321 188.579976438 413.314316847 19114
-444.57547733 105.970641155 436.793444041 19123
-442.788758773 16.9768111843 450.905253433 19124
-444.57547733 -105.970641155 436.793444041 21834
-439.629972321 -188.579976438 413.314316847 21843
-427.585759008 -270.926549897 378.727960206 21844
-287.403652713 -368.166549601 426.049500351 21849
-175.139758474 -432.982139169 426.049500351 23204
-20.8363953283 -505.763404543 378.727960206 23209
56.4999358612 -475.020712521 413.314316847 23210
130.514471316 -437.998977861 436.793444041 23219
248.250604012 -408.909560428 413.316166601 27284
325.818098877 -366.178571442 399.276176143 27285
392.346585513 -322.26780479 376.660674091 27304
457.306413591 -270.926549903 342.250337066 27305
472.156409669 -188.579976453 375.728042426 27306
479.017596362 -105.970641176 398.720466191 27315
478.398419259 -16.9768112143 412.931453036 27316
479.017596362 105.970641176 398.720466191 30026
472.156409669 188.579976453 375.728042426 30035
457.306413591 270.926549903 342.250337066 30036
392.346585513 322.26780479 376.660674091 30037
325.818098877 366.178571442 399.276176143 30056
248.250604012 408.909560428 413.316166601 30057
154.210895736 465.256036398 399.276176106 35477
82.9188129903 500.916012572 376.660674051 35496
5.97606794906 531.502246464 342.25033702 35497
-72.7631546177 503.189433584 375.728042385 35498
-147.735530907 467.826727916 398.720466154 35507
-224.496859886 422.793589826 412.931453002 35508
-331.282065536 361.856086725 398.720466154 38218
-399.393255129 314.609457101 375.728042385 38227
-463.282481613 260.575696516 342.25033702 38228
-475.265398567 178.648207726 376.660674051 38229
-480.028994665 99.0774648922 399.276176106 38248
-478.251369217 10.536549331 413.316166567 38249
-480.028994665 -99.0774648922 399.276176106 43669
-475.265398567 -178.648207726 376.660674051 43688
-463.282481613 -260.575696516 342.25033702 43689
-399.393255129 -314.609457101 375.728042385 43690
-331.282065536 -361.856086725 398.720466154 43699
-253.901559453 -405.816778613 412.931453002 43700
-147.735530907 -467.826727916 398.720466154 46410
-72.7631546177 -503.189433584 375.728042385 46419
5.97606794906 -531.502246464 342.25033702 46420
82.9188129903 -500.916012572 376.660674051 46421
154.210895736 -465.256036398 399.276176106 46440
212.79647897 -443.458817531 397.149317359 54569
489.879713875 -260.575696535 302.958440873 54612
504.654134183 -178.64820775 336.265768859 54613
511.262948067 -99.0774649206 358.412469741 54632
510.646922128 -10.5365493652 372.551132913 54633
511.262948067 99.0774649206 358.412469741 60053
504.654134183 178.64820775 336.265768859 60072
489.879713875 260.575696535 302.958440873 60073
212.79647897 443.458817531 397.149317359 60116
-19.2746841635 554.536125309 302.958440822 70996
-97.613180879 526.367404225 336.265768813 70997
-169.827872512 492.305433517 358.412469698 71016
-246.198541692 447.501481618 372.551132873 71017
-341.435075639 393.227968583 358.412469698 76437
-407.040953386 347.719196448 336.265768813 76456
-470.605029788 293.960428732 302.958440822 76457
-490.444841026 -37.4422521807 397.149317323 76500
-470.605029788 -293.960428732 302.958440822 87380
-407.040953386 -347.719196448 336.265768813 87381
-341.435075639 -393.227968583 358.412469698 87400
-264.44838052 -436.964932257 372.551132873 87401
-169.827872512 -492.305433517 358.412469698 92821
-97.613180879 -526.367404225 336.265768813 92840
-19.2746841635 -554.536125309 302.958440822 92841
222.603956701 -473.05252971 355.435545733 109140
493.943478971 -293.960428742 263.19717037 109225
521.468402839 37.4422521409 355.435545733 109268
493.943478971 293.960428742 263.19717037 120148
222.603956701 473.05252971 355.435545733 120233
7.60545947884 574.74781522 263.197170314 141993
-293.160142997 432.88375806 355.435545691 142036
-501.548938524 280.787386432 263.197170314 152916
-520.97748643 -43.7455834113 355.435545691 153001
-501.548938524 -280.787386432 263.197170314 174761
-228.308259925 -470.326010214 355.435545691 174804
7.60545947884 -574.74781522 263.197170314 185684
184.933957474 -502.93740509 335.438582338 218281
267.815646496 -467.946374156 330.100916377 218282
465.413262172 -337.52611012 262.930152262 218451
521.509828786 -280.787386456 221.023950454 218452
548.464183117 43.7455833694 311.350298474 218537
521.509828786 280.787386456 221.023950454 240297
465.413262172 337.52611012 262.930152262 240298
267.815646496 467.946374156 330.100916377 240467
184.933957474 502.93740509 335.438582338 240468
59.5995546901 571.822763388 262.930152206 283987
-17.5859046964 592.034453302 221.023950392 283988
-312.11687811 453.111123959 311.350298427 284073
-503.923924165 311.247066805 221.023950392 305833
-525.01281693 234.296653214 262.930152206 305834
-539.161270904 -2.03803372165 330.100916331 306003
-528.023548079 -91.3111973973 335.438582294 306004
-525.01281693 -234.296653214 262.930152206 349523
-503.923924165 -311.247066805 221.023950392 349524
-236.347305092 -496.856707344 311.350298427 349609
-17.5859046964 -592.034453302 221.023950392 371369
59.5995546901 -571.822763388 262.930152206 371370
137.648193634 -503.076475808 357.257160674 436563
192.667361159 -527.564032432 290.208759693 436564
275.127242161 -492.751080609 284.898258603 436565
302.989763657 -433.272493051 346.608993622 436566
432.964478481 -347.485341382 302.425763574 436903
464.594593391 -367.697031302 220.491273156 436904
520.40566894 -311.247066819 178.798343691 436905
544.872120642 -234.296653235 218.826632301 436906
564.501093611 2.03803368098 284.605000494 437075
553.840478652 91.3111973487 290.841252267 437076
544.872120642 234.296653235 218.826632301 480595
520.40566894 311.247066819 178.798343691 480596
464.594593391 367.697031302 220.491273156 480597
432.964478481 347.485341382 302.425763574 480598
302.989763657 433.272493051 346.608993622 480935
275.127242161 492.751080609 284.898258603 480936
192.667361159 527.564032432 290.208759693 480937
137.648193634 503.076475808 357.257160674 480938
84.4488938136 548.700908023 302.425763524 567975
86.1376732806 586.199236016 220.491273095 567976
9.34503221364 606.308063005 178.798343625 567977
-69.5292066387 589.021424926 218.82663224 567978
-284.015535796 487.853270692 284.605000442 568147
-355.998055931 433.984325474 290.841252217 568148
-475.342914083 354.724771659 218.82663224 611667
-529.750701225 295.060996141 178.798343625 611668
-550.732266736 218.502204656 220.491273095 611669
-517.413372359 201.215566584 302.425763524 611670
-526.719867603 45.7605858528 346.608993579 612007
-564.298574656 -8.10835936294 284.898258551 612008
-553.217534806 -96.9271870223 290.208759643 612009
-504.501104929 -132.331405481 357.257160634 612010
-517.413372359 -201.215566584 302.425763524 699047
-550.732266736 -218.502204656 220.491273095 699048
-529.750701225 -295.060996141 178.798343625 699049
-475.342914083 -354.724771659 218.82663224 699050
-280.485557901 -489.891304381 284.605000442 699219
-197.842422804 -525.295522847 290.841252217 699220
-69.5292066387 -589.021424926 218.82663224 742739
9.34503221364 -606.308063005 178.798343625 742740
86.1376732806 -586.199236016 220.491273095 742741
84.4488938136 -548.700908023 302.425763524 742742
153.075643564 -552.204398744 267.027702574 873129
317.575744251 -482.755667912 256.433727013 873132
345.296465608 -423.579783464 317.830398901 873133
399.862166935 -387.564808537 299.281491618 873808
431.331307374 -407.673635533 217.76398866 873809
542.669420352 -295.06099617 134.590316668 873812
567.011355462 -218.50220469 174.41489016 873813
540.549165493 -201.215566613 258.81371684 873814
553.460607542 -45.760585889 302.081064062 874151
585.832683356 8.10835931957 237.486770595 874152
575.226323239 96.9271869737 243.691284344 874153
532.193632466 132.331405434 314.521829584 874154
540.549165493 201.215566613 258.81371684 961191
567.011355462 218.50220469 174.41489016 961192
542.669420352 295.06099617 134.590316668 961193
431.331307374 407.673635533 217.76398866 961196
399.862166935 387.564808537 299.281491618 961197
345.296465608 423.579783464 317.830398901 961872
317.575744251 482.755667912 256.433727013 961873
153.075643564 552.204398744 267.027702574 961876
137.390071115 577.380687429 217.763988599 1135953
-15.8043918644 617.496001982 134.590316597 1135956
-94.2772177301 600.297340422 174.414890094 1135957
-96.0167904649 568.737092636 258.813716784 1135958
-237.100473947 502.191239078 302.081064012 1136295
-299.938386882 503.291806492 237.486770537 1136296
-371.554567908 449.697015351 243.691284288 1136297
-380.699175109 394.727502719 314.521829538 1136298
-444.53237511 367.521525996 258.813716784 1223335
-472.734137812 381.795135705 174.414890094 1223336
-526.865028559 322.435005772 134.590316597 1223337
-568.721378546 169.707051831 217.763988599 1223340
-535.57205331 152.508390278 299.281491568 1223341
-539.479085848 87.2456192883 317.830398853 1224016
-576.866544385 33.65082815 256.433726957 1224017
-554.760859187 -143.534803399 267.027702522 1224020
-568.721378546 -169.707051831 217.763988599 1398097
-526.865028559 -322.435005772 134.590316597 1398100
-472.734137812 -381.795135705 174.414890094 1398101
-444.53237511 -367.521525996 258.813716784 1398102
-316.360133682 -456.430653187 302.081064012 1398439
-285.89429656 -511.400165821 237.486770537 1398440
-203.671755413 -546.624202351 243.691284288 1398441
-151.494457437 -527.058908185 314.521829538 1398442
-96.0167904649 -568.737092636 258.813716784 1485479
-94.2772177301 -600.297340422 174.414890094 1485480
-15.8043918644 -617.496001982 134.590316597 1485481
137.390071115 -577.380687429 217.763988599 1485484
321.870909201 -502.595748598 208.476079868 1746265
425.953021945 -433.898479255 173.094706363 1747620
536.154975043 -322.435005792 90.7697876568 1747625
584.71496237 -169.707051864 170.216256284 1747628
558.387445862 -152.508390307 254.185553808 1747629
563.807899306 -87.2456193202 272.34995716 1748304
596.015224602 -33.6508281906 208.084402059 1748305
574.856483091 143.534803343 220.461853057 1748308
584.71496237 169.707051864 170.216256284 1922385
536.154975043 322.435005792 90.7697876568 1922388
425.953021945 433.898479255 173.094706363 1922393
321.870909201 502.595748598 208.476079868 1923748
162.790594705 585.835377476 173.094706298 2271908
11.1594185275 625.541331661 90.7697875806 2271913
-145.386863116 591.231537325 170.216256218 2271916
-147.11758268 559.831908438 254.185553752 2271917
-206.347026998 531.894773323 272.349957106 2272592
-268.865140278 532.989739642 208.084401997 2272593
-411.733027619 426.072916195 220.461852999 2272596
-439.328099335 421.524485444 170.216256218 2446673
-547.314393636 303.106325827 90.7697875806 2446676
-588.743616701 151.936898154 173.094706298 2446681
-596.196140744 27.4505097645 208.476079806 2448036
-588.743616701 -151.936898154 173.094706298 2796196
-547.314393636 -303.106325827 90.7697875806 2796201
-439.328099335 -421.524485444 170.216256218 2796204
-411.269863266 -407.323518113 254.185553752 2796205
-357.460872393 -444.649153994 272.349957106 2796880
-327.150084409 -499.338911454 208.084401997 2796881
-163.12345555 -569.607719573 220.461852999 2796884
-145.386863116 -591.231537325 170.216256218 2970961
11.1594185275 -625.541331661 90.7697875806 2970964
162.790594705 -585.835377476 173.094706298 2970969
283.695712783 -532.330270302 189.227034157 3492531
361.065089025 -487.585607874 177.645492675 3492532
453.865394147 -420.013253224 131.380043001 3495242
507.409932175 -365.855772111 91.3803005612 3495251
552.928288384 -303.106325862 45.4148402421 3495252
600.992740914 -151.936898198 124.050590172 3495257
611.332060903 -27.4505098085 158.698536257 3496612
600.992740914 151.936898198 124.050590172 3844772
552.928288384 303.106325862 45.4148402421 3844777
507.409932175 365.855772111 91.3803005612 3844778
453.865394147 420.013253224 131.380043001 3844787
388.326777006 469.592088406 168.378233015 3844788
283.695712783 532.330270302 189.227034157 3847498
212.515289456 571.096898086 168.37823295 4543817
136.80945012 603.065587863 131.380042931 4543818
63.1354266505 622.357777466 91.3803004856 4543827
-13.9663659864 630.403107148 45.4148401614 4543828
-168.915156895 596.443430221 124.050590101 4543833
-281.893191659 543.154349789 158.69853619 4545188
-432.077584099 444.506532012 124.050590101 4893348
-538.961922462 327.29678125 45.4148401614 4893353
-570.545358885 256.502005305 91.3803004856 4893354
-590.67484432 183.052334577 131.380042931 4893363
-600.842066505 101.504809607 168.37823295 4893364
-602.859393695 -20.4774409846 189.227034094 4896074
-600.842066505 -101.504809607 168.37823295 5592393
-590.67484432 -183.052334577 131.380042931 5592394
-570.545358885 -256.502005305 91.3803004856 5592403
-538.961922462 -327.29678125 45.4148401614 5592404
-432.077584099 -444.506532012 124.050590101 5592409
-329.438869327 -515.703839985 158.69853619 5593764
-168.915156895 -596.443430221 124.050590101 5941924
-13.9663659864 -630.403107148 45.4148401614 5941929
63.1354266505 -622.357777466 91.3803004856 5941930
136.80945012 -603.065587863 131.380042931 5941939
212.515289456 -571.096898086 168.37823295 5941940
241.419635618 -542.073384027 218.033599342 6985063
284.908980392 -546.90332399 139.245365006 6985064
361.88460231 -502.386379623 127.722765217 6985065
444.009467548 -441.892302111 85.1612038341 6990485
495.584494159 -389.726878101 46.6327589772 6990504
540.871194765 -327.296781276 0.901229699189 6990505
576.130682942 -256.502005337 44.1112458054 6990506
599.484070371 -183.052334615 82.3185078725 6990515
612.661950802 -101.504809653 118.354350288 6990516
616.388404283 20.4774409359 138.966377421 6993226
612.661950802 101.504809653 118.354350288 7689545
599.484070371 183.052334615 82.3185078725 7689546
576.130682942 256.502005337 44.1112458054 7689555
540.871194765 327.296781276 0.901229699189 7689556
495.584494159 389.726878101 46.6327589772 7689557
444.009467548 441.892302111 85.1612038341 7689576
378.8043947 491.218816779 121.971099745 7689577
284.908980392 546.90332399 139.245365006 7694997
241.419635618 542.073384027 218.033599342 7694998
236.005776783 573.663637286 121.971099675 9087636
160.685225568 605.469629489 85.161203759 9087637
89.7211298642 624.052200724 46.6327588975 9087656
13.0117297435 632.056585481 0.901229614541 9087657
-65.9280887702 627.194809997 44.1112457249 9087658
-141.214063234 610.694601412 82.3185077965 9087667
-218.425231688 581.333218148 118.354350217 9087668
-325.928186246 523.569296227 138.966377352 9090378
-394.236719195 479.828408494 118.354350217 9786697
-458.270007212 427.642266782 82.3185077965 9786698
-510.202594239 370.692804634 44.1112457249 9786707
-553.882924565 304.759804167 0.901229614541 9786708
-585.305624076 234.325322571 46.6327588975 9786709
-604.694693161 163.577327316 85.161203759 9786728
-614.810171519 82.4448204336 121.971099675 9786729
-616.086662199 -26.7132472601 139.245364937 9792149
-590.159139109 -61.9611546468 218.033599282 9792150
-614.810171519 -82.4448204336 121.971099675 11184788
-604.694693161 -163.577327316 85.161203759 11184789
-585.305624076 -234.325322571 46.6327588975 11184808
-553.882924565 -304.759804167 0.901229614541 11184809
-510.202594239 -370.692804634 44.1112457249 11184810
-458.270007212 -427.642266782 82.3185077965 11184819
-394.236719195 -479.828408494 118.354350217 11184820
-290.460218118 -544.046737176 138.966377352 11187530
-218.425231688 -581.333218148 118.354350217 11883849
-141.214063234 -610.694601412 82.3185077965 11883850
-65.9280887702 -627.194809997 44.1112457249 11883859
13.0117297435 -632.056585481 0.901229614541 11883860
89.7211298642 -624.052200724 46.6327588975 11883861
160.685225568 -605.469629489 85.161203759 11883880
236.005776783 -573.663637286 121.971099675 11883881
397.399489633 -482.3379955 95.3380738372 13970132
552.077857638 -304.759804208 -44.6894331074 13981012
587.157900451 -234.325322617 -1.69932481743 13981013
609.652287788 -163.577327364 35.1025718932 13981032
622.763102312 -82.4448204867 70.955017862 13981033
625.457028909 26.7132472101 88.065611899 13986453
606.102178247 61.961154597 168.720506851 13986454
622.763102312 82.4448204867 70.955017862 15379092
609.652287788 163.577327364 35.1025718932 15379093
587.157900451 234.325322617 -1.69932481743 15379112
552.077857638 304.759804208 -44.6894331074 15379113
337.274005389 522.022591408 115.776957706 15379156
-12.1091963604 630.493351679 -44.6894331958 18175316
-90.6472681343 625.656319126 -1.6993249017 18175317
-163.164022962 609.763032374 35.102571813 18175336
-239.982242258 580.551077373 70.9550177874 18175337
-335.862865204 528.305052387 88.0656118241 18180757
-356.711023104 493.919306338 168.720506785 18180758
-382.780860132 498.106256892 70.9550177874 19573396
-446.488264898 446.185705001 35.102571813 19573397
-496.510632382 391.33099649 -1.6993249017 19573416
-539.968661331 325.733547441 -44.6894331958 19573417
-620.721828219 31.076560942 115.776957638 19573460
-539.968661331 -325.733547441 -44.6894331958 22369620
-496.510632382 -391.33099649 -1.6993249017 22369621
-446.488264898 -446.185705001 35.102571813 22369640
-382.780860132 -498.106256892 70.9550177874 22369641
-289.594163781 -555.018299613 88.0656118241 22375061
-249.391155225 -555.880460956 168.720506785 22375062
-239.982242258 -580.551077373 70.9550177874 23767700
-163.164022962 -609.763032374 35.102571813 23767701
-90.6472681343 -625.656319126 -1.6993249017 23767720
-12.1091963604 -630.493351679 -44.6894331958 23767721
394.354794523 -492.127230412 44.2801275918 27940265
534.458441631 -325.733547473 -88.9801932758 27962025
628.144889729 -31.0765609987 64.2953298342 27962068
534.458441631 325.733547473 -88.9801932758 30758228
324.107300498 538.492651812 68.1598582996 30758313
14.8643061254 625.721361444 -88.9801933673 36350633
-287.159353633 559.527712242 64.2953297608 36350676
-549.3227478 299.98781394 -88.9801933673 39146836
-628.401966478 11.4388298153 68.1598582275 39146921
-549.3227478 -299.98781394 -88.9801933673 44739241
-340.985536172 -528.45115126 64.2953297608 44739284
14.8643061254 -625.721361444 -88.9801933673 47535444
355.810707408 -521.915029322 25.8667208502 55880531
425.840223592 -467.11952112 11.1848802651 55880532
505.722032893 -369.137526594 -87.4548826156 55924051
540.135418404 -299.987813987 -133.890574095 55924052
631.879821777 -11.4388298772 16.2076706869 55924137
540.135418404 299.987813987 -133.890574095 61516457
505.722032893 369.137526594 -87.4548826156 61516458
352.537993964 524.075116883 26.9792376285 61516627
279.21095736 563.899168749 61.0296105306 61516628
66.8214590428 622.536891027 -87.4548827064 72701267
-10.2706415 617.764900795 -133.890574189 72701268
-306.033593681 552.943392708 16.2076706099 72701353
-529.864776944 317.777086784 -133.890574189 78293673
-572.543491975 253.399364394 -87.4548827064 78293674
-630.131361702 43.2693000696 26.9792375513 78293843
-627.956483992 -40.1458023522 61.0296104602 78293844
-572.543491975 -253.399364394 -87.4548827064 89478483
-529.864776944 -317.777086784 -133.890574189 89478484
-325.846228166 -541.504562853 16.2076706099 89478569
-10.2706415 -617.764900795 -133.890574189 95070889
66.8214590428 -622.536891027 -87.4548827064 95070890
320.507476992 -541.761994888 58.6049713114 111761063
348.94821095 -526.543520508 -25.5482222594 111761064
418.621327404 -472.026881922 -40.155342865 111761065
460.210109627 -432.449848101 29.3160101211 111761066
494.751287735 -391.346867486 -41.6465745149 111848103
482.808848501 -386.574877265 -130.847715501 111848104
517.047094699 -317.777086823 -177.047082801 111848105
563.402919443 -253.399364439 -134.281633294 111848106
630.21395827 -43.26930013 -24.9755689322 111848275
630.848992204 40.1458022852 9.13828044998 111848276
563.402919443 253.399364439 -134.281633294 123032915
517.047094699 317.777086823 -177.047082801 123032916
482.808848501 386.574877265 -130.847715501 123032917
494.751287735 391.346867486 -41.6465745149 123032918
393.990700582 493.26089638 33.6252960187 123033255
335.927652554 535.13747372 -21.1220511555 123033256
262.97379768 574.758849885 12.7550299068 123033257
91.5406850381 624.140617475 -41.6465746018 145402535
93.3792398985 611.412166591 -130.847715593 145402536
16.6794825461 606.664462347 -177.047082897 145402537
-62.251172856 614.620922999 -134.281633387 145402538
-277.634666072 567.415947716 -24.975569014 145402707
-350.191780792 526.258352022 9.13828037496 145402708
-501.151746631 361.221558546 -134.281633387 156587347
-533.726577274 288.887375501 -177.047082897 156587348
-576.188088427 224.837289286 -130.847715593 156587349
-586.291972814 232.793749942 -41.6465746018 156587350
-624.171817262 94.5755073129 33.6252959405 156587687
-631.406473035 23.3531440198 -21.1220512361 156587688
-629.242663885 -59.6374356924 12.7550298329 156587689
-586.291972814 -232.793749942 -41.6465746018 178956967
-576.188088427 -224.837289286 -130.847715593 178956968
-533.726577274 -288.887375501 -177.047082897 178956969
-501.151746631 -361.221558546 -134.281633387 178956970
-352.579292263 -524.146647604 -24.975569014 178957139
-280.657211478 -566.404154339 9.13828037496 178957140
-62.251172856 -614.620922999 -134.281633387 190141779
16.6794825461 -606.664462347 -177.047082897 190141780
93.3792398985 -611.412166591 -130.847715593 190141781
91.5406850381 -624.140617475 -41.6465746018 190141782
278.521418112 -566.136444922 39.761664582 223522128
306.817409247 -550.995421601 -43.9632499302 223522129
445.809056245 -442.239594798 -73.1031514332 223522132
449.041530553 -426.132825308 -128.211402067 223696209
517.343774972 -288.887375555 -220.375015211 223696212
563.463682003 -224.837289344 -177.827210996 223696213
580.875028935 -232.793749994 -89.7603214697 223696214
624.821640786 -94.5755073701 -17.8615564175 223696551
627.525743261 -23.3531440852 -73.0186058025 223696552
628.15754533 59.637435623 -39.0783713086 223696553
580.875028935 232.793749994 -89.7603214697 246065831
563.463682003 224.837289344 -177.827210996 246065832
517.343774972 288.887375555 -220.375015211 246065833
449.041530553 426.132825308 -128.211402067 246065836
460.923191385 430.880529541 -39.4642305515 246065837
418.622101427 473.665854895 -7.86375801817 246066512
360.854552434 515.329310661 -62.3324806826 246066513
215.318125188 594.370418763 5.24927153421 246066516
142.691888862 614.611457704 -39.4642306367 290805072
144.521086804 601.947785454 -128.211402158 290805073
-8.48808145793 592.476539357 -220.375015309 290805076
-87.0170367538 600.392507363 -177.827211092 290805077
-88.8322131744 619.44940646 -89.7603215604 290805078
-230.506028486 588.399167418 -17.8615565005 290805415
-293.538455647 555.129807196 -73.0186058871 290805416
-365.726306986 514.181673978 -39.0783713865 290805417
-492.042815813 386.655656453 -89.7603215604 313174695
-476.446645287 375.555218014 -177.827211092 313174696
-508.855693538 303.589163788 -220.375015309 313174697
-593.562617378 175.814960099 -128.211402158 313174700
-603.615080282 183.730928109 -39.4642306367 313174701
-619.517713968 125.704446919 -7.86375810082 313175376
-626.715550562 54.8445540852 -62.3324807676 313175377
-622.398944489 -110.714243148 5.24927146274 313175380
-603.615080282 -183.730928109 -39.4642306367 357913936
-593.562617378 -175.814960099 -128.211402158 357913937
-508.855693538 -303.589163788 -220.375015309 357913940
-476.446645287 -375.555218014 -177.827211092 357913941
-492.042815813 -386.655656453 -89.7603215604 357913942
-394.315612367 -493.823660055 -17.8615565005 357914279
-333.987287672 -531.776663135 -73.0186058871 357914280
-262.431238403 -573.819109639 -39.0783713865 357914281
-88.8322131744 -619.44940646 -89.7603215604 380283559
-87.0170367538 -600.392507363 -177.827211092 380283560
-8.48808145793 -592.476539357 -220.375015309 380283561
144.521086804 -601.947785454 -128.211402158 380283564
142.691888862 -614.611457704 -39.4642306367 380283565
296.617538753 -550.140016745 -95.0244297804 447044260
421.385899828 -439.434079938 -170.28581089 447392420
488.991147795 -303.589163834 -261.508932078 447392425
580.996244792 -175.814960157 -176.629861285 447392428
598.318980526 -183.73092816 -89.0111687097 447392429
616.768551273 -125.704446972 -58.8267859643 447393104
619.458891816 -54.8445541481 -113.703125749 447393105
620.719280538 110.714243072 -45.9953880765 447393108
598.318980526 183.73092816 -89.0111687097 492131664
580.996244792 175.814960157 -176.629861285 492131665
488.991147795 303.589163834 -261.508932078 492131668
421.385899828 439.434079938 -170.28581089 492131673
340.698092154 521.045549214 -110.00904609 492133028
196.646804589 599.280075155 -43.1169379975 492133033
169.868126581 584.647933996 -170.285810981 581610148
18.4203542646 575.273338089 -261.508932176 581610153
-138.237900581 591.064987533 -176.629861379 581610156
-140.043839063 610.024900758 -89.0111687987 581610157
-199.521031239 596.989457119 -58.8267860512 581610832
-262.232668806 563.889413946 -113.703125838 581610833
-406.240987385 482.201543976 -45.9953881517 581610836
-458.275141518 426.293972595 -89.0111687987 626349392
-442.758344251 415.250027381 -176.629861379 626349393
-507.411502071 271.684174242 -261.508932176 626349396
-591.254026419 145.213854013 -170.285810981 626349401
-621.587728214 34.5304281518 -110.009046177 626350756
-617.315171339 -129.338909308 -43.1169380717 626350761
-591.254026419 -145.213854013 -170.285810981 715827876
-507.411502071 -271.684174242 -261.508932176 715827881
-442.758344251 -415.250027381 -176.629861379 715827884
-458.275141518 -426.293972595 -89.0111687987 715827885
-417.247520095 -471.28501015 -58.8267860512 715828560
-357.226223062 -509.044859818 -113.703125838 715828561
-214.478293207 -592.915787095 -45.9953881517 715828564
-140.043839063 -610.024900758 -89.0111687987 760567120
-138.237900581 -591.064987533 -176.629861379 760567121
18.4203542646 -575.273338089 -261.508932176 760567124
169.868126581 -584.647933996 -170.285810981 760567129
166.219039994 -609.910829537 6.75687296473 760567132
251.415688392 -568.987932649 -112.732110407 894088521
328.60037996 -524.837064214 -127.410717385 894088522
383.188734054 -474.586916723 -166.130361933 894784841
427.638334284 -413.10969275 -214.782404757 894784842
460.486134789 -347.105841895 -259.105574576 894784851
484.166309128 -271.684174303 -302.384422756 894784852
575.232531765 -145.213854081 -218.371508143 894784857
610.424424401 -34.5304282194 -160.79588368 894786212
611.671951372 129.338909232 -93.7790757601 894786217
575.232531765 145.213854081 -218.371508143 984263332
484.166309128 271.684174303 -302.384422756 984263337
460.486134789 347.105841895 -259.105574576 984263338
427.638334284 413.10969275 -214.782404757 984263347
383.188734054 474.586916723 -166.130361933 984263348
295.717313853 546.540859319 -116.232542642 984266058
225.726180047 584.553176084 -83.7312400354 984266067
219.409959144 569.144636477 -166.130362022 1163220297
143.944321308 576.900507468 -214.782404852 1163220298
70.3594094618 572.345611725 -259.105574673 1163220307
-6.7977578443 555.14241046 -302.384422854 1163220308
-161.857379314 570.772912584 -218.371508237 1163220313
-275.307984207 545.908272681 -160.79588377 1163221668
-417.846756832 465.053993992 -93.7790758372 1163221673
-413.375152485 425.559058517 -218.371508237 1252698788
-477.368551289 283.458236153 -302.384422854 1252698793
-530.845544257 225.239769808 -259.105574673 1252698794
-571.582655597 163.790814681 -214.782404852 1252698803
-602.5986932 94.5577197025 -166.130362022 1252698804
-621.176925285 -17.1717235961 -116.232542728 1252701514
-619.100990353 -96.7919818989 -83.7312401146 1252701523
-602.5986932 -94.5577197025 -166.130362022 1431655753
-571.582655597 -163.790814681 -214.782404852 1431655754
-530.845544257 -225.239769808 -259.105574673 1431655763
-477.368551289 -283.458236153 -302.384422854 1431655764
-413.375152485 -425.559058517 -218.371508237 1431655769
-335.116440238 -511.377844487 -160.79588377 1431657124
-193.825194586 -594.392903277 -93.7790758372 1431657129
-161.857379314 -570.772912584 -218.371508237 1521134244
-6.7977578443 -555.14241046 -302.384422854 1521134249
70.3594094618 -572.345611725 -259.105574673 1521134250
143.944321308 -576.900507468 -214.782404852 1521134259
219.409959144 -569.144636477 -166.130362022 1521134260
215.798109993 -594.149734508 9.10567379102 1521134265
216.643753329 -588.595331087 -79.2884918571 1788177043
315.218601197 -518.510801342 -177.339862767 1788177045
370.620322052 -500.518290294 -108.57100229 1788177046
351.438398742 -483.236463716 -206.492655075 1789569684
395.661782566 -422.072114474 -254.897094091 1789569685
427.301353053 -358.496061907 -297.589939096 1789569704
450.861012384 -283.458236206 -340.648529152 1789569705
507.718652567 -225.239769867 -301.917969788 1789569706
551.965589067 -163.790814744 -261.098069825 1789569715
586.880724011 -94.5577197718 -215.163886355 1789569716
609.502787326 17.1717235241 -166.964453486 1789572426
610.10893135 96.7919818212 -134.402562166 1789572435
586.880724011 94.5577197718 -215.163886355 1968526665
551.965589067 163.790814744 -261.098069825 1968526666
507.718652567 225.239769867 -301.917969788 1968526675
450.861012384 283.458236206 -340.648529152 1968526676
427.301353053 358.496061907 -297.589939096 1968526677
395.661782566 422.072114474 -254.897094091 1968526696
351.438398742 483.236463716 -206.492655075 1968526697
272.321958171 546.823853049 -162.757701538 1968532117
242.775854229 545.972813006 -206.492655164 2326440596
167.694282061 553.689212208 -254.897094185 2326440597
96.816020218 549.301857721 -297.589939192 2326440616
20.0515272452 532.186208343 -340.64852925 2326440617
-58.7959636733 552.317135974 -301.917969886 2326440618
-134.135788102 559.911629464 -261.098069921 2326440627
-211.550974608 555.532475816 -215.163886446 2326440628
-319.62254251 519.259035682 -166.964453574 2326443338
-388.878780865 479.973842651 -134.402562248 2326443347
-375.329749437 460.974756068 -215.163886446 2505397577
-417.829800988 396.120814733 -261.098069921 2505397578
-448.922688903 327.077366113 -301.917969886 2505397587
-470.912539622 248.727972134 -340.64852925 2505397588
-524.117373265 190.805795794 -297.589939192 2505397589
-563.35606462 131.6170977 -254.897094185 2505397608
-594.214252961 62.7363492421 -206.492655164 2505397609
-609.724327193 -37.5741928146 -162.757701625 2505403029
-594.214252961 -62.7363492421 -206.492655164 2863311508
-563.35606462 -131.6170977 -254.897094185 2863311509
-524.117373265 -190.805795794 -297.589939192 2863311528
-470.912539622 -248.727972134 -340.64852925 2863311529
-448.922688903 -327.077366113 -301.917969886 2863311530
-417.829800988 -396.120814733 -261.098069921 2863311539
-375.329749437 -460.974756068 -215.163886446 2863311540
-289.880244856 -536.430759241 -166.964453574 2863314250
-221.230150526 -576.76582452 -134.402562248 2863314259
-211.550974608 -555.532475816 -215.163886446 3042268489
-134.135788102 -559.911629464 -261.098069921 3042268490
-58.7959636733 -552.317135974 -301.917969886 3042268499
20.0515272452 -532.186208343 -340.64852925 3042268500
96.816020218 -549.301857721 -297.589939192 3042268501
167.694282061 -553.689212208 -254.897094185 3042268520
242.775854229 -545.972813006 -206.492655164 3042268521
441.277559039 -248.727972201 -378.251445893 3579139412
497.845834842 -190.805795865 -339.717997141 3579139413
540.465250595 -131.617097774 -300.399562349 3579139432
575.202692685 -62.7363493191 -254.699150742 3579139433
594.259770274 37.5741927407 -212.389147699 3579144853
575.202692685 62.7363493191 -254.699150742 3937053332
540.465250595 131.617097774 -300.399562349 3937053333
497.845834842 190.805795865 -339.717997141 3937053352
441.277559039 248.727972201 -378.251445893 3937053353
309.50251071 513.514670324 -200.440823717 3937053396
-5.23403699068 506.521562277 -378.251445989 4652881236
-83.6802510502 526.550038006 -339.717997237 4652881237
-156.248875096 533.865185699 -300.399562444 4652881256
-233.270074141 529.508318786 -254.699150832 4652881257
-329.670090623 495.856961066 -212.389147787 4652886677
-341.93261857 466.771969499 -254.699150832 5010795156
-384.216375513 402.248087949 -300.399562444 5010795157
-414.165583793 335.744242157 -339.717997237 5010795176
-436.043522033 257.793590083 -378.251445989 5010795177
-599.468005046 11.2797015674 -200.440823801 5010795220
-436.043522033 -257.793590083 -378.251445989 5726623060
-414.165583793 -335.744242157 -339.717997237 5726623061
-384.216375513 -402.248087949 -300.399562444 5726623080
-341.93261857 -466.771969499 -254.699150832 5726623081
-264.589679681 -533.431153848 -212.389147787 5726628501
-233.270074141 -529.508318786 -254.699150832 6084536980
-156.248875096 -533.865185699 -300.399562444 6084536981
-83.6802510502 -526.550038006 -339.717997237 6084537000
-5.23403699068 -506.521562277 -378.251445989 6084537001
403.431920421 -257.793590143 -412.856869922 7158278825
580.936718491 -11.2797016477 -249.100264983 7158278868
403.431920421 257.793590143 -412.856869922 7874106708
274.388462873 517.09147295 -238.732118952 7874106793
21.5398377605 478.279086774 -412.856870015 9305762473
-280.699851123 508.745806958 -249.100265069 9305762516
-424.971758153 220.485496641 -412.856870015 10021590356
-585.008583055 -20.9183572064 -238.732119034 10021590441
-424.971758153 -220.485496641 -412.856870015 11453246121
-300.236867394 -497.466105353 -249.100265069 11453246164
21.5398377605 -478.279086774 -412.856870015 12169074004
375.362342172 -301.543334644 -409.683260578 14316557651
389.54950507 -220.485496714 -446.433615922 14316557652
563.374771427 20.9183571216 -286.07155371 14316557737
389.54950507 220.485496714 -446.433615922 15748213417
375.362342172 301.543334644 -409.683260578 15748213418
281.389008259 490.371865644 -282.88037048 15748213587
73.4630170367 475.844991191 -409.68326067 18611524947
-3.82871124075 447.602515689 -446.433616012 18611524948
-299.803214436 477.437685265 -286.071553793 18611525033
-385.720793792 227.117018996 -446.433616012 20043180713
-448.825359175 174.301656548 -409.68326067 20043180714
-565.368997036 -1.49590340879 -282.880370565 20043180883
-448.825359175 -174.301656548 -409.68326067 22906492243
-385.720793792 -227.117018996 -446.433616012 22906492244
-263.571557007 -498.356042438 -286.071553793 22906492329
-3.82871124075 -447.602515689 -446.433616012 24338148009
73.4630170367 -475.844991191 -409.68326067 24338148010
385.281256431 -336.004806546 -371.92037857 28633115303
333.553202463 -307.762331059 -440.102548599 28633115304
347.668162934 -227.117019062 -476.66587114 28633115305
413.5833798 -174.30165662 -445.234056455 28633115306
540.168176176 1.49590332353 -328.453570988 28633115475
413.5833798 174.30165662 -445.234056455 31496426835
347.668162934 227.117019062 -476.66587114 31496426836
333.553202463 307.762331059 -440.102548599 31496426837
385.281256431 336.004806546 -371.92037857 31496426838
323.467973742 460.211439219 -288.512644003 31496427175
243.446453949 488.821406508 -318.517034355 31496427176
98.3480700265 501.665758879 -371.920378664 37223049895
99.7533957764 442.746712292 -440.102548686 37223049896
22.8550266505 414.647970622 -476.665871225 37223049897
-55.8420273756 445.324541707 -445.234056544 37223049898
-271.379578414 467.051411136 -328.453571073 37223050067
-357.741352392 271.022885116 -445.234056544 40086361427
-370.523189534 187.530951582 -476.665871225 40086361428
-433.306598192 134.984381237 -440.102548686 40086361429
-483.629326431 165.660952324 -371.920378664 40086361430
-560.288784309 50.0257628811 -288.512644092 40086361767
-545.054982871 -33.5798897621 -318.517034437 40086361768
-483.629326431 -165.660952324 -371.920378664 45812984487
-433.306598192 -134.984381237 -440.102548686 45812984488
-370.523189534 -187.530951582 -476.665871225 45812984489
-357.741352392 -271.022885116 -445.234056544 45812984490
-268.788597767 -468.54731451 -328.453571073 45812984659
-55.8420273756 -445.324541707 -445.234056544 48676296019
22.8550266505 -414.647970622 -476.665871225 48676296020
99.7533957764 -442.746712292 -440.102548686 48676296021
98.3480700265 -501.665758879 -371.920378664 48676296022
353.340550878 -376.509890841 -364.768970434 57266230608
301.875755395 -348.411149183 -432.604142394 57266230609
330.03384137 -187.53095166 -505.544706536 57266230612
395.613597324 -134.984381319 -474.272857118 57266230613
451.377354812 -165.660952401 -410.463855899 57266230614
534.641632846 -50.0257629626 -333.648605654 57266230951
516.989991438 33.5798896736 -362.297370056 57266230952
451.377354812 165.660952401 -410.463855899 62992853671
395.613597324 134.984381319 -474.272857118 62992853672
330.03384137 187.53095166 -505.544706536 62992853673
301.875755395 348.411149183 -432.604142394 62992853676
353.340550878 376.509890841 -364.768970434 62992853677
327.390233343 428.654048498 -329.752917204 62992854352
247.775965369 457.118411688 -359.60460685 62992854353
198.696454499 513.99844542 -309.824081798 62992854354
149.396854789 494.256838606 -364.768970525 74446099792
150.795028445 435.63764747 -432.604142479 74446099793
-2.61035257344 379.583166457 -505.544706617 74446099796
-80.9068953559 410.103615922 -474.272857203 74446099797
-82.2220842459 473.734732075 -410.463855991 74446099798
-223.997234898 488.026117366 -333.648605743 74446100135
-287.576033277 430.936521153 -362.297370138 74446100136
-369.155270547 308.073779701 -410.463855991 80172722855
-314.706701928 275.119234642 -474.272857203 80172722856
-327.423488738 192.05221483 -505.544706617 80172722857
-452.670783787 87.2264982822 -432.604142479 80172722860
-502.737405636 117.746947748 -364.768970525 80172722861
-534.920412061 69.2012346972 -329.752917295 80172723536
-519.764139684 -13.9789254757 -359.604606934 80172723537
-544.483938431 -84.9230455644 -309.824081875 80172723538
-502.737405636 -117.746947748 -364.768970525 91625968976
-452.670783787 -87.2264982822 -432.604142479 91625968977
-327.423488738 -192.05221483 -505.544706617 91625968980
-314.706701928 -275.119234642 -474.272857203 91625968981
-369.155270547 -308.073779701 -410.463855991 91625968982
-310.644397954 -438.000354444 -333.648605743 91625969319
-229.413958156 -464.516410886 -362.297370138 91625969320
-82.2220842459 -473.734732075 -410.463855991 97352592039
-80.9068953559 -410.103615922 -474.272857203 97352592040
-2.61035257344 -379.583166457 -505.544706617 97352592041
150.795028445 -435.63764747 -432.604142479 97352592044
149.396854789 -494.256838606 -364.768970525 97352592045
359.500412869 -407.345176832 -323.256870977 114532461217
256.832740595 -351.290695848 -458.581982795 114532461220
284.703484825 -192.052214902 -530.778218331 114532461225
415.529243074 -87.226498366 -468.393670654 114532461228
471.009203254 -117.746947826 -404.90941123 114532461229
505.965030873 -69.2012347763 -372.661000393 114532461904
488.403223589 13.9789253873 -401.163963247 114532461905
517.136362169 84.9230454706 -353.586911304 114532461906
471.009203254 117.746947826 -404.90941123 125985707344
415.529243074 87.226498366 -468.393670654 125985707345
284.703484825 192.052214902 -530.778218331 125985707348
256.832740595 351.290695848 -458.581982795 125985707353
207.333443238 450.753801137 -391.790120665 125985708708
175.810296411 398.069025715 -458.581982875 148892199588
23.9703545282 342.586557741 -530.778218406 148892199593
-132.224258103 403.472129594 -468.393670736 148892199596
-133.53275363 466.779409259 -404.90941132 148892199597
-193.052488187 472.779187464 -372.661000482 148892200272
-256.307716337 415.980136121 -401.163963329 148892200273
-332.113695874 405.391704021 -353.586911379 148892200274
-337.476449609 349.032461469 -404.90941132 160345445712
-283.304984934 316.245631276 -468.393670736 160345445713
-308.673839281 150.534342873 -530.778218406 160345445716
-432.64303694 46.778329865 -458.581982875 160345445721
-494.030964185 -45.820871761 -391.790120744 160345447076
-432.64303694 -46.778329865 -458.581982875 183251937956
-308.673839281 -150.534342873 -530.778218406 183251937961
-283.304984934 -316.245631276 -468.393670736 183251937964
-337.476449609 -349.032461469 -404.90941132 183251937965
-312.91254268 -403.577952728 -372.661000482 183251938640
-232.095507235 -429.959061566 -401.163963329 183251938641
-185.022666289 -490.31474956 -353.586911379 183251938642
-133.53275363 -466.779409259 -404.90941132 194705184080
-132.224258103 -403.472129594 -468.393670736 194705184081
23.9703545282 -342.586557741 -530.778218406 194705184084
175.810296411 -398.069025715 -458.581982875 194705184089
173.021064796 -515.00907858 -323.256871068 194705184092
323.931860946 -443.861004188 -312.603907544 229064922436
243.696409332 -313.506769586 -491.926020951 229064922442
257.238148679 -236.136535586 -527.004474376 229064922451
263.940593648 -150.534342956 -554.382917488 229064922452
393.431328576 -46.7783299556 -492.634978588 229064922457
460.108312524 45.8208716707 -431.122294776 229064923812
393.431328576 46.7783299556 -492.634978588 251971414692
263.940593648 150.534342956 -554.382917488 251971414697
257.238148679 236.136535586 -527.004474376 251971414698
243.696409332 313.506769586 -491.926020951 251971414707
149.656622045 367.800665988 -491.926021028 297784399178
75.8811642271 340.84303926 -527.00447445 297784399187
-1.60373169984 303.846430542 -554.382917557 297784399188
-156.204442234 364.110690053 -492.634978664 297784399193
-269.736195189 375.555051189 -431.122294852 297784400548
-237.226886297 317.332360155 -492.634978664 320690891428
-262.336861868 153.312087632 -554.382917557 320690891433
-333.119312829 104.7065037 -527.00447445 320690891434
-393.353031304 54.2938964099 -491.926021028 320690891443
-393.353031304 -54.2938964099 -491.926021028 366503875914
-333.119312829 -104.7065037 -527.00447445 366503875923
-262.336861868 -153.312087632 -554.382917557 366503875924
-237.226886297 -317.332360155 -492.634978664 366503875929
-190.372117306 -421.375922925 -431.122294852 366503877284
-156.204442234 -364.110690053 -492.634978664 389410368164
-1.60373169984 -303.846430542 -554.382917557 389410368169
75.8811642271 -340.84303926 -527.00447445 389410368170
149.656622045 -367.800665988 -491.926021028 389410368179
222.428974892 -502.46372272 -312.603907631 389410368185
326.613545588 -470.364264649 -267.855735339 458129844873
282.384465293 -449.355706309 -343.517259455 458129844874
196.106062166 -313.002976637 -513.066461166 458129844885
209.149700096 -238.478626919 -546.854635189 458129844904
215.818034454 -153.312087709 -574.093741772 458129844905
288.613727144 -104.706503784 -552.633973932 458129844906
351.530230758 -54.293896499 -522.632102191 458129844915
351.530230758 54.293896499 -522.632102191 503942829386
288.613727144 104.706503784 -552.633973932 503942829395
215.818034454 153.312087709 -574.093741772 503942829396
209.149700096 238.478626919 -546.854635189 503942829397
196.106062166 313.002976637 -513.066461166 503942829416
101.953699115 300.368266818 -546.854635256 595568798376
24.8631454235 263.559944155 -574.093741833 595568798377
-53.6283713758 302.300071352 -552.633974 595568798378
-128.74522177 331.581058161 -522.632102263 595568798387
-222.78500893 277.287161722 -522.632102263 641381782858
-234.985355693 197.593567622 -552.633974 641381782867
-240.681179784 110.247856493 -574.093741833 641381782868
-311.10339912 61.8896399275 -546.854635256 641381782869
-369.121560218 13.3313432595 -513.066461235 641381782888
-311.10339912 -61.8896399275 -546.854635256 733007751848
-240.681179784 -110.247856493 -574.093741833 733007751849
-234.985355693 -197.593567622 -552.633974 733007751850
-222.78500893 -277.287161722 -522.632102263 733007751859
-128.74522177 -331.581058161 -522.632102263 778820736330
-53.6283713758 -302.300071352 -552.633974 778820736339
24.8631454235 -263.559944155 -574.093741833 778820736340
101.953699115 -300.368266818 -546.854635256 778820736341
244.040629414 -518.037759985 -267.855735425 778820736372
276.617067855 -418.306617023 -384.926248147 916259689750
192.613517885 -110.247856579 -591.955308646 916259689812
265.038733004 -61.8896400183 -570.604755547 916259689813
325.640999226 -13.3313433536 -541.706432945 916259689832
265.038733004 61.8896400183 -570.604755547 1007885658792
192.613517885 110.247856579 -591.955308646 1007885658793
152.959457623 295.361445261 -537.615722951 1191137596753
-0.829314444587 221.932127749 -591.955308699 1191137596756
-78.9213660364 260.47509564 -570.604755607 1191137596757
-151.27521763 288.679049387 -541.706433009 1191137596776
-186.117366884 198.585455686 -570.604755607 1282763565736
-191.784203338 111.684271228 -591.955308699 1282763565737
-332.270243708 -15.2139465387 -537.615722951 1466015503697
-191.784203338 -111.684271228 -591.955308699 1466015503700
-186.117366884 -198.585455686 -570.604755607 1466015503701
-174.365781528 -275.347706103 -541.706433009 1466015503720
-78.9213660364 -260.47509564 -570.604755607 1557641472680
-0.829314444587 -221.932127749 -591.955308699 1557641472681
152.959457623 -295.361445261 -537.615722951 1557641472684
232.224757578 -419.38554372 -412.132347992 1832519379501
142.412336671 -111.684271309 -605.731784275 1832519379625
286.894174799 15.2139466329 -563.139336993 2015771317585
142.412336671 111.684271309 -605.731784275 2015771317588
25.5152478134 179.174836878 -605.731784319 2382275193513
-156.622751572 240.850670191 -563.139337051 2565527131473
-167.92758437 67.4905656281 -605.731784319 2565527131476
-167.92758437 -67.4905656281 -605.731784319 2932031007401
-130.271423149 -256.064616751 -563.139337051 3115282945361
25.5152478134 -179.174836878 -605.731784319 3115282945364
193.825769593 -451.508068763 -397.790999736 3665038759003
115.671159839 -156.17760686 -601.576580731 3665038759251
117.502780138 -67.4905657159 -617.497987678 3665038759252
117.502780138 67.4905657159 -617.497987678 4031542635177
115.671159839 156.17760686 -601.576580731 4031542635178
-0.302845650831 135.505675319 -617.497987712 4764550387028
-117.199934366 68.0151096719 -617.497987712 5131054262953
-193.08935484 22.0853593843 -601.576580774 5131054262954
-117.199934366 -68.0151096719 -617.497987712 5864062014804
-0.302845650831 -135.505675319 -617.497987712 6230565890729
200.014515027 -482.388186605 -356.316538736 7330077518007
139.267257518 -199.008088687 -583.666048521 7330077518503
65.9788184444 -68.0151097558 -625.04910602 7330077518505
142.921176489 -22.0853594759 -615.427833936 7330077518506
65.9788184444 68.0151097558 -625.04910602 8063085270356
139.267257518 199.008088687 -583.666048521 8063085270358
-52.3341058986 134.816049159 -615.427833969 9529100774058
-91.8922219761 23.1317779187 -625.049106043 10262108525908
-241.979689006 21.1049384894 -583.666048571 10262108525910
-90.5870704742 -112.730689761 -615.427833969 11728124029610
111.228628016 -241.693785226 -573.478814848 14660155037008
40.1354729092 -23.131778007 -630.491640902 14660155037012
193.119768075 -21.1049385827 -601.602012408 14660155037014
111.228628016 241.693785226 -573.478814848 16126170540717
-78.282471096 177.799094266 -601.602012451 19058201548118
-40.1004437019 23.1924500435 -630.491640915 20524217051817
-264.927271837 -24.5200752204 -573.478814897 20524217051821
-114.837296875 -156.694155759 -601.602012451 23456248059222
-11.9285339913 -23.1924501284 -631.6529624 29320310074025
216.827958386 24.5200751228 -593.33805453 29320310074029
-129.648987173 175.518482499 -593.33805457 38116403096237
-13.8799606112 68.1361451425 -628.355358848 41048434103635
-87.1789711159 -200.038557705 -593.33805457 46912496118445
-37.8842271119 -68.1361452229 -627.365838755 58640620148051
