242.775861975 545.972797339 -206.492687481 2326440596
272.321941722 546.823851742 -162.75773345 1968532117
-594.214243258 -62.7363347739 -206.492687481 2863311508
-609.724317865 -37.5742063323 -162.75773345 2505403029
575.202679658 62.7363347739 -254.699183721 3937053332
594.259757766 37.5742063323 -212.389180266 3579144853
-341.932599484 466.771965522 -254.699183721 5010795156
-329.670096094 495.856943506 -212.389180266 4652886677
-233.270080175 -529.508300296 -254.699183721 6084536980
-264.589661672 -533.431149838 -212.389180266 5726628501
152.959462823 295.361400027 -537.615746312 1191137596753
196.106022384 313.00296005 -513.066486491 503942829416
-332.270207132 -15.21391946 -537.615746312 1466015503697
-369.121526055 13.3313171949 -513.066486491 641381782888
152.959462823 -295.361400027 -537.615746312 1557641472684
196.106022384 -313.00296005 -513.066486491 458129844885
286.894134869 15.21391946 -563.13935807 2015771317585
325.640961596 -13.3313171949 -541.706456199 916259689832
-156.622708178 240.850649263 -563.13935807 2565527131473
-151.275221441 288.679003853 -541.706456199 1191137596776
-130.271426691 -256.064568723 -563.13935807 3115282945361
-174.365740155 -275.347686658 -541.706456199 1466015503720
200.014484288 -482.388179921 -356.316565041 7330077518007
149.396860094 -494.256812382 -364.769003868 97352592045
